UPC
080926613072
193125004289
815942020401
080926449107
626192741530
743108281772
811907029786
812495024788
888151017807
723189701802
083321525087
805319427421
672352010930
193125000090
723189195946
661120081135
191693090802
610242004829
723189073572
193125004050
723189197742
011516206176
751710506633
080926754294
810119010001
672352010350
080926251700
888151023730
723364552083
723189188597
754806307749
661120079965
841538127360
723189188610
708279014406
752044864864
716104651085
032784638179
100000908471
676315035848
013658162242
723189650148
723189650544
898079002489
149780500727
049443948616
661120079545
082324053351
842749108360
071721185994
080926614352
4712274526020
888151015681
4712274529014
812495025099
723189071172
888151022634
842749108223
784672233125
610242005321
814108019327
661120081616
723189045326
193125001424
850002469431
723189670924
708279013782
799429405069
752044864642
716104402427
716104014538
090255826319
609456305945
082324053252
640265974229
721209078026
723189076719
723189115173
850002469165
850002469165
754806316611
812495021831
723189115326
792695362753
842749108209
723189072650
194518012201
876430009711
723189188634
752044864581
083321603945
4717385551725
723189380236
887996091164
781513646441
752044276582
721209041105
080926747500
047708117029
792695360759
027925511046
723189045029
090255826685
090255823226
193125002629
743108541562
661120080183
083321599163
842749107967
888151020517
626192735737
4712274529526
610242000708
856633006915
888151027035
661120102045
752044620606
840309133982
011516701039
850011702093
812495020759
723189045180
814108017323
716104012183
850002469141
723189071158
013658162266
817461013971
754806308197
752044647276
792695362715
191693090765
083321540301
716104014309
752044787736
716943870302
743108220702
752044269829
743108362198
743108362198
859972005724
723189188641
723189188641
743108365601
743108980002
743108520192
193125000953
083321604010
723189599638
840309132213
043311958608
075536056319
190228918567
190228842510
723189114855
723189114855
050234723367
080926887046
041205671183
716104402410
043311958523
723189045050
090255814828
083321540417
817227018172
859972005717
649898142425
760778088029
743108343609
032784635406
850010898117
817461014947
859972005885
817063027451
661120080763
083321260100
190228843999
716104651108
090255382655
820103447140
041205603665
812495024757
027925511398
888151027257
743108241660
626192735201
9420024175255
047708112857
723189155162
011516203502
850002469158
672352011098
850002469400
875591001022
705442019558
047362267863
661120417538
649898141114
812495022135
090255826722
661120418412
857071008066
090255381542
723189114862
090255826142
083321603891
613485589719
853616003183
752044269799
793831270376
4717385552838
712630516744
842749108216
7340101501765
013658156319
743108521786
193125002209
723189155254
887157020040
661120418382
850010898056
193125000717
011516721303
626192667618
626192741332
743108663004
193125002667
658175115090
723189073534
857071008103
812495025259
190228843333
887996091126
723189045319
087171058207
723189155148
8211653820101
013658156357
842749108254
805319426592
817063023064
792695358961
049443938914
847706001128
723189500016
4717385553248
850002469349
723189075705
672352011326
743108241677
672294110026
661120417750
723364442407
043311958561
805319420934
047708068567
743108361702
721209071034
672352011920
888151023723
025724035237
090255382570
840309133906
712038254361
4717385551640
817227013979
723189133665
723189133665
047708053778
075536035703
661120081302
723189670931
193125003244
071721236009
661120416692
075536035741
661120081692
610242006182
850002469103
193125000069
193125000069
610242010110
752044872418
716104013890
752044692139
609456306645
792695362708
723189380106
841181100284
610242006601
758365223007
721209110146
743108087428
848754001191
811328022335
628504032053
743108450291
672352007497
810301023017
723189045203
811533014989
716104013791
888151021514
9420024171943
875591000865
888151026311
840309135276
080926694514
193125001080
840309135290
723364518171
705442019190
050234723336
047297919325
4712274521841
743108341506
661120417880
083321539398
083321540394
810119011534
723189155223
792695362395
4717385551930
090255822137
752044864529
814108015565
083321599170
723189045074
812495025075
723189115029
723189075750
850002375190
723189075569
850011702123
043311958554
610242002931
842749108131
090255716351
812495025518
752044864727
817063029288
841538127384
193125000533
723189071110
050234723350
810013520637
897744000553
810013520620
853469003668
723189197759
4717385551251
193125000182
705442019534
792695360773
815942021019
083321540288
815942020302
842749108278
013658162235
708279012198
888151026953
4712274521919
817461015005
672352011128
193125004241
193125004241
626192736871
842749108414
841538127377
887996104901
723189045104
723189045135
723189072605
723189073619
082324053542
617717200182
9420024175293
842749108247
672294110002
745167065911
705442019381
723189188535
850010898124
723189076573
723189155247
661120079859
049443938945
817461015012
723364789946
043311958691
4717385552876
708279013966
080926694644
888151025864
743108241608
705442019619
090255822229
193125001325
888151025833
853616003732
193125000557
043311958455
033576609797
841538127353
840309135238
080926449312
812495025778
716104013753
888151024294
190228843371
841538126905
082324052989
4717385551701
4717385551701
743108529287
817990008899
090255823363
805319426516
743108341780
080926663206
047708703161
842749108094
4717385552296
083321604003
723189176396
4717385550025
751710506664
888151026519
011516265098
080926449114
9420024175217
817063027444
810119017109
784672233231
4717385551671
4717385551671
5060689870016
645879113804
716943852971
082324052880
752044872432
193125004166
626192735836
626192735836
752044276629
661120418467
9420024119976
034337050438
743108362174
648018006135
743108342299
661120081654
752044872395
193125000328
4712274529403
083321261015
716104014439
080926692190
7340101501772
7340101501772
887157020026
705442019626
723189650599
047297003598
752044864802
743108450802
887157019129
792695363880
849904001054
672294600602
043311959407
888151022566
745167070526
4712274527171
760778088197
887996095810
083321259272
082324053436
672294600671
817990002873
743108362143
708279014239
840309135214
840309135214
812495024245
723189670979
080926880825
856525008300
812495023774
840309134460
812495023972
858419005952
841538126868
723189500078
723189072629
640265974915
661120080886
817063023088
790272982332
850010898094
840309135313
090255823813
817063027413
613485589672
789976950037
789976950037
812495020308
083321604386
817461015043
817461015043
613485589689
716104013777
080926743007
025724960096
661120416272
805319427759
805319427759
4717385550896
4717385550896
193125004258
850002469356
752044864536
626192736086
610242009794
090255809671
792695363873
743108520758
752044956101
752044956101
672294110071
4717385554658
887157020101
043311958653
743108341599
661120080756
743108365625
743108201794
025724960201
817227013719
193125004319
888151027394
033576601463
661120078906
842749107998
033576600374
9420024175392
868860000345
090255382327
723189380250
723189115630
814108015800
9420024176993
672352010367
752044845344
043311958448
021291710935
047708056571
888151022641
090255822144
708279013805
708279013805
721209071041
028478153127
723189155292
805319427414
888151017210
705442019404
080926692626
090255820430
090255382624
090255382624
607272011378
193125000731
047708112796
812495023248
672294110125
672352010428
080926661349
672352011135
043311958752
812495026102
723189120610
814108017019
856525008454
4712274528970
743108541500
752044864789
716104014316
723189074722
752044846075
716104014422
812495023910
193125000939
812495025990
723189120603
672352012248
859972005861
841181100864
025724960058
743108242636
672294300458
089726112006
817990008868
193125001165
743108343739
708279011641
041205647393
011516816368
856525008317
805319430025
857071008158
083321534799
190228862914
707114013390
850002469042
083321599965
661120079521
812495022128
804755902172
723189074791
025724035138
812495026577
661120079972
193125000601
090255808971
842749108087
083321415548
810301022188
743108542149
672352009927
047708053792
859949004590
859972005892
850000208070
4717385550131
047362995766
810301023031
812495023705
723364442414
752044872289
888151020166
812495025051
888151026359
743108241622
193125000724
090255382341
708279012211
743108261378
812495020841
661120078777
812495021855
812495024030
071721636007
071721636007
743108345542
022188501032
842749108148
752044864598
193125001134
782897179129
712649106721
672352011050
752044950444
814108013172
723189670948
723189670948
090255382426
649898141725
4717385551657
4717385551657
792695362418
859972005748
754806316192
4717385551381
812495026584
011516202994
848754005137
723189188528
812495025266
050234524223
190228843210
814108017163
815001013993
053807007543
075536045689
640265974601
047297919318
752044872296
840309134309
047708056540
083321540585
743108521908
716104014293
626192735959
087171058481
661120416777
848754000576
852745008106
842749108315
842749107981
752044647719
716104013906
193125002643
840309133951
090255382396
752044688248
610242006267
743108347607
723189500023
610242007240
810119011640
661120418429
813628000273
705442019138
888151027493
814108017286
193125000014
712649106516
812495026287
649898809014
810119010872
610242001200
721209111006
021291708192
792695362739
743108006863
812495026423
812495024955
613485589733
887996088898
661120079903
193125000540
083321540493
814108013820
626192222015
888151017685
676315035794
043311958615
888151022276
795042295902
193125000762
9420024173848
850010898131
752044276599
888151027233
850010898070
021291710805
856525008294
723189380083
716104014774
754806314662
898079002502
080926460003
888151027066
149780500710
850000208230
034337044284
087171058405
193125001196
723189197766
610242007325
812495024238
805319422242
193125004197
723189177799
708279012457
613485589382
080926692664
723189115272
811907025634
193125001240
789976900162
752044845191
888151026304
723189197735
723189197735
193125003237
705442019183
705442019183
723189599676
721209110238
723189071530
814108018085
011516780904
842749108124
9420024175408
028478153288
842749108186
859972005809
082324053207
617717253003
645879113798
626192736130
626192736130
090255823035
097973002599
754806308210
723189730093
090255385854
817461014404
792695358381
812495024795
817461014268
812495020810
723189045005
887996095797
027925511817
850011702130
723189114886
752044675415
743108161722
744368381608
812495024801
745167070519
011516713872
811907029816
043311958585
4712274527027
754806307633
812495020858
708279013362
758152103468
4712274529199
193125002322
723189115623
723189176198
043311958509
743108231395
721209072017
888151026496
083321539091
087171058221
083321540530
090255826746
723189073602
752044845207
5060689870009
7340101501789
840309133975
840309134019
848754003492
792695358664
661120081593
053695133355
817990008981
887996086061
840309134200
723189380212
049443948609
888151020159
723189115531
672294600626
745167070496
857071008523
053807007499
043311958479
812495024924
193125000236
752044102843
840103167930
792695362371
743108341698
817461013940
076501121957
758152183262
708279014338
649898141862
859949004132
644622020734
644622020734
080926746190
094922015129
029057331707
672294300397
817227013702
817227013702
723189599669
708279014376
743108364604
792695360797
888151027370
672294110095
859949004187
723189380205
817990008950
672352011159
672352011159
047708703130
888151014325
752044269812
752044864550
723189188658
743108152409
799429410216
810170034268
812254022956
817063029110
723189380038
723364763281
723189188559
689706211950
805319427919
083321540202
626192741998
626192741998
723189120627
9420024172773
743108541531
723189599652
752044864499
812495024054
021291711116
021291708604
752044864512
723189188542
193125005415
812495024122
193125002230
743108242766
850000208193
840309134170
743108242667
810301023130
812495022456
080926615106
792695358978
013658161511
812495025532
850000208339
013658158092
723364521201
723189115135
676315035602
083321260452
723189073633
610242008452
610242008452
887996091836
888151017739
723189380311
705442019176
743108281383
842749108292
723189380182
745167070120
815942021002
043311959360
840103166872
805319428282
9420024171899
723189701352
848754002754
190228843197
723189075545
193125002483
743108365700
723189114824
842749108261
043311958707
712649209460
887157020118
752044864673
743108341483
028478152984
869300000420
716104014286
842749108322
676315034650
888151026076
850013143627
817461015029
812495023866
041205734574
193125001189
814108014094
613485589801
817227018189
792695358817
752044845306
723189045227
716943852988
609456306652
716104013746
723189650162
840309135771
025724960232
856525008348
083321206726
080926747531
887996091102
723189188566
610242009251
027925511190
805319420927
626192741349
752044845283
9420024175163
708279012761
812495020834
190228841773
053695133331
046392201960
027925511749
810119016898
087171058474
047297003628
090255806366
812495026515
723189155216
090255823042
850002470130
743108542002
9420024171837
768114378803
083321261121
859972005878
617717212666
700191613255
9420064103638
193125004302
149780501342
810013520651
661120081166
661120081166
723189115432
027925511121
027925511121
053695133317
028478153295
754806317007
022188501018
672294600534
752044153289
848754003072
840309135788
751710507630
661120418450
193125004807
752044845184
752044845184
9420064110384
082324053269
856525008430
840309135191
723189071134
082324053566
071721012757
4717385551589
4712274522596
658175115144
723189380007
090255855869
812495025648
812495026522
758365223014
723189074746
723189380137
888151014349
850010898049
859949004477
817990008851
705442019657
723189072575
083321604379
792695362333
672352244236
672352244236
859972005908
850002469257
613485589597
672352011210
610242009121
190228841858
043311958516
043311958592
676315035879
817461013964
723189071196
033576601487
080926754584
723189599645
817990002378
723189071554
723189133795
716104640638
602573551011
723189045302
090255826678
723189155261
723189115722
817063024122
082324053191
716943850090
752044872470
047708117012
817063026690
716104013975
083321534904
743108990100
4717385551459
723189073688
083321612312
043311959001
751710506626
799429422202
661120080770
080926691308
897744000478
812495021725
840309134484
817461014428
848754005458
047708121545
810119011596
810119011596
191693091670
743108343500
817063023057
817063023057
613485589375
705442019473
850002375053
840309133999
850002469035
090255820263
672352244229
841538126936
765595520158
043311959377
075536395005
025724011705
856525008423
071721971719
743108521281
716104013913
193125000854
047297003604
743108161623
661120418269
014981018978
792695363897
609456306669
841538126882
817063028892
708279011634
723364763007
815942021026
661120080855
094922757616
850010898063
193125004135
090255823004
752044921819
046392130109
723189074562
090255822083
810119011503
021291000067
752044872371
011516713612
723189114831
723189000615
812495025426
011516722881
011516722881
090255824322
082324053580
9420064103560
840309134231
644622030054
723189115654
875591000988
812495023064
190228919144
723189074708
4717385551688
705442019602
013658158948
723189155131
610242006656
610242006656
745167070441
752044845337
613485589740
888151014288
860883000210
743108843000
841538126950
752044872456
193125000052
723189115159
661120417736
723189133627
743108241738
9420024172285
752044864871
810013520316
047708117043
4717385551350
190228841896
080926752771
644622020727
743108242797
193125000823
149786306392
658175115403
723189045012
814108016463
814108016463
033576601401
087171057439
723189701000
723189701000
723189176402
190228918598
754806307893
080926698895
754806307886
852916005828
4712274520202
661120412755
626192667717
723189188795
812495025488
193125000274
193125000274
193125003268
789976113159
034337042990
676315035626
034337024798
743108161609
047297003635
047362793386
723189115425
053807007796
848754000040
723189115050
840309134149
053695140018
848754000033
190228918291
743108242735
014981018138
626192733467
083321259340
080926754560
080926694248
723189500047
708279011962
4717385552821
716943830894
723189114916
888151016664
840309133968
080926201750
047708121552
649898200019
080926694415
609456306607
609456306607
752044675484
640265975134
080926202252
080926202252
859972005823
856633006755
817063024108
607272013624
752044895899
083321599941
875591000803
027925511381
752044673176
850726007353
723189701703
082271690166
752044864772
090255821802
087171057606
9420064103669
817063026553
676315035633
817063026577
672294110019
021291000043
887157019082
811533011070
083321206733
649898142845
613485590142
812495025013
850002469066
075536306209
752044878571
810119010049
850002469332
071721061588
743108261798
850002469301
4717385552050
708279013195
013658162600
090255823134
716104013593
817063026539
752044845351
708279010156
193125001202
860883000241
860883000241
027925511091
743108341773
840309134194
850726007360
087171058283
043311959384
841538126837
743108520345
810301023048
723189075521
754806297859
613485590074
013658158924
817063024092
857071008073
812495025501
705442019664
082324053382
810119018403
752044864710
815001014037
810013520309
672352009408
672352009408
812495026416
083321540400
812495026546
043311958486
043311958486
193125004272
043311958684
817063029080
649898141671
193125005453
723189599621
752044915993
661120417040
661120079958
672352011265
743108369098
743108369098
676315003113
035355443356
9420024175491
743108528198
888151025840
721209076015
647484054411
193125003251
752044864666
193125001219
071721070276
723189045043
875591000681
723189155285
083321260209
754806122038
743108364628
645490982636
812495024047
082324054013
888151026038
708279011894
705442017837
743108250068
898079002151
190228842794
4717385551664
716943831020
047708112772
705442019428
705442019428
193125004609
083321259258
799429405458
083321534898
811533013296
842749108230
888151024416
811328022915
752044692146
661120418481
743108161708
743108281390
754806304083
027925512067
840309135283
888151027240
193125005460
090255826821
640265974588
721209075018
082324054020
047708703420
812495022098
047708701396
856525008331
193125000861
888151026373
817461013926
723189670900
888151026120
723189115555
888151018651
811533019885
672352011104
043502101769
888151016633
810013520729
842749108339
083321599934
090255392524
859949004460
661120080787
723189155124
723189197704
716943853008
887996091119
841538126967
610242000388
748252433626
723189133672
752044872272
805319426578
849904046277
817461015036
705442019374
859866007254
716104014101
815942020241
743108150405
712649204908
812495026126
672294600343
672294600343
613485589788
644622020703
032784636816
743108471395
047708703499
859972005816
888151022474
812495025860
811533011353
190228841810
661120078883
752044863348
4717385554726
4717385554726
723189155230
4717385551398
743108347744
193125000199
812495020803
812495020803
817063029066
888151020500
661120081746
888151024744
080926694408
080926694408
047708703147
745167070434
840309133944
047708116527
723364552021
027925511039
842749108032
032784624745
032784624745
658175115281
721209081217
721209081217
011516702197
190228843937
723189650568
626192221827
840309134217
850011702109
812495020223
752044864734
752044864734
661120418252
193125000816
658175115076
859825007240
817063026652
053695132938
810013520330
082324053054
743108153406
723189176419
193125004036
810119018441
841538126899
888151026106
723189074715
723189114848
743108300008
610242009268
083321261152
080926694347
814108011802
723189075798
708279012228
9420024177037
723189073695
897744000461
723189500061
723189500061
812495023965
4712274529519
029057473407
810013520293
083321310409
080926456617
817063023071
743108261385
888151025888
842749108049
723189133689
752044648525
817461013933
090255382105
080926615007
080926615007
672352011319
888151025895
607272011200
607272011200
817063029103
609456306621
193125004173
193125002247
888151027387
626192741097
050234723329
083321540486
721209420009
190228837172
765595510166
661120079927
723189701253
812495024894
781513646427
011516712875
9420064111800
784672233132
705442019442
193125002513
9420064103690
043311959414
812495024962
812495024962
705442019541
723189045159
9420024172018
721209081118
793831160004
850002469288
795042295896
610242009800
752044742032
840309134446
716104013807
820103447232
723189115579
888151027141
812495020797
817063026669
743108241707
047708056533
888151025666
856525008133
743108520048
047297996272
897744000492
083321534881
043311958714
850002469318
661120081562
027925511404
888151025673
888151025673
9420024171882
661120079842
610242006687
083321540431
723189500009
661120078746
676315035855
7340101501901
752044921802
626192222022
083321612817
810013520323
083321415586
4717385551718
013658159143
817063026546
817063026546
842749108162
022677093062
193125002605
661120417743
743108290002
856056002037
856056002037
043311959391
723189172275
043311958578
840309134316
083321540424
840309134002
047362663931
071721487982
859866007025
617717214936
4717385551787
797824100305
751710507548
751710507548
841538126981
083321540219
723189115234
723189500030
672352011937
888151026366
607272042860
850002469295
810119011350
723189133658
672352010374
752044102812
658175115205
815001014020
648018126222
661120079910
676315035589
752044692153
071721972103
9420024172001
4717385551411
043311958462
708279013201
752044742025
888151025819
743108520901
743108281796
752044214188
888151015032
814108019990
661120080275
075536301204
705442019282
723364442339
4717385550186
752044864833
812495025068
765595515116
9420024189320
080926748514
050234945516
661120078753
041205726234
859972005113
613485589320
743108600801
193125000212
888151014448
743108341797
716104014415
080926743038
784672233446
752044864697
793831020742
723189072698
841538122686
613485589603
752044845276
782897179136
810301023123
083321534928
723189114930
071721070283
090255822366
090255822335
661120081678
090255826890
661120078722
751103012154
812495024221
083321540370
190228842633
751710507647
888151022283
705442019565
812495023033
805319427452
082324052897
027925511411
859949004640
609456306614
857071008561
792695363309
062017021348
712649205158
812495025082
032784636021
090255813647
672294110149
852916005071
649898142357
817063026560
817063026560
661120079538
193125004210
723189650155
887996091157
661120418375
613485589696
754806311517
812495026294
190228918970
789976900049
841538126943
708279011597
661120416753
817063026515
708279011177
661120081036
661120080015
610242005642
814108019310
9420024172780
080926905405
848754000279
848754000279
676315029274
047708055796
754806262352
193125004142
032784636212
661120080862
888151022580
789976403755
087171057965
723189074524
848754004659
751710507531
053695133379
689706210564
708279011696
888151026021
193125003275
810301022201
743108150450
888151026502
792695362357
193125002216
190228837097
723189115333
626192735720
626192735720
810119010827
743108347645
812495020292
090255826616
760778088265
705442019572
723189599607
814108012960
087171058269
723189701406
814108013202
810119010063
842749108353
090255823349
705442019596
705442019596
013658158030
013658158030
045635808980
888151025857
888151025857
013658161856
4712274524989
013658156234
743108153567
743108153567
043502101059
672352009996
049443939010
700191613309
859866007018
090255858341
090255382419
661120081760
628504032039
888151027486
721209031014
011516330109
193125004234
841538122679
723189701055
888151022856
813628000280
716104014170
672294300465
743108361726
193125004296
723189115739
083321612190
859972005533
743108343708
723189599683
080926692671
752044102515
842749108018
842749108018
014981019517
190228882745
027925510230
817461014343
083321540356
712649102419
799429408046
850002469417
814108016715
094922757739
043502101332
716943830825
817461014398
812495025433
743108241721
649898142265
047708053785
723189000578
723189000578
9420024175453
743108344699
716104013708
813094023134
028478152915
815001014013
053695130934
708279014383
752044845214
743108524701
661120081777
781513646465
781513646465
723189045128
754806317298
9420024175354
080926456709
842749108285
812495023323
7340101501802
708279010934
9420024175774
9420024175774
723189188672
743108050309
708279012464
043311958639
082324053221
083321540233
617717211195
815001013986
752044692115
859972005830
025724011743
032784624776
609456306638
672294600633
817063024085
9420024175781
792695362777
082324053795
672294600275
723189114879
812495025457
090255820027
610242006939
661120418436
613485589665
613485589665
723189650520
672352011234
840309135245
716104014637
047708703468
812495025327
752044864567
849904068132
723189188573
011516790576
083321603983
752044845320
850000208032
812495024139
716104651078
661120081111
805319430032
090255826661
080999098653
025724035251
752044956125
850010898087
850010898087
848754003508
700191613279
011516812902
723189197711
856525008478
193125004265
025724960010
842749108063
723189000493
043311958998
047297003611
047297003611
817990008967
080926747548
723189701208
859866007100
041205739685
661120081104
071721336006
047708112765
672294600367
817227018158
029057463224
193125000595
857665002050
723189701451
082324053405
812495025631
716104651030
842749108384
083321261992
743108520277
752044950451
723189045142
4717385551565
743108281376
875591000919
842749108346
190228919250
071721070245
661120080831
856525008249
743108528457
888151026014
743108201398
723189075736
4712274527041
888151026755
752044864819
610242005499
805319425168
812495023767
708279008863
080926693005
716104014545
812495024214
032784637028
848754001405
029057474213
723189155278
723189599614
607272013525
765595515611
849904038074
812495025976
812495025976
795042295926
888151024300
193125004111
610242009114
723189115227
723189115074
661120081579
723189133634
049443938921
190228842657
743108529225
027925511107
011516330116
022677086705
032784636199
745167070465
723189075712
723189650094
4717385551831
811907029793
089726112013
658175112990
810119017123
723189188665
752044102836
743108365724
888151026069
705442019053
080926754348
817461014282
752044864628
053807007741
716943850236
817461014954
080926901308
743108347706
812495020131
723189188627
083321540479
812495025761
029402029464
723189115524
723189115524
848754005335
083321260094
090255382648
897744000423
723189072551
190228842435
190228842435
752044692122
033576600213
723189072636
841538126875
661120418474
610242008469
610242008469
193125000663
190228842695
723189076559
090255382310
9420024171820
661120079996
817063028908
888151014332
676315035787
613485590104
752044864505
752044864505
716104651153
789976070032
193125000670
743108520222
743108528228
022677145099
743108341704
9420024174814
842749108308
647484054312
723189076504
817227018165
723189155179
716104014491
083321538995
661120418399
856633006762
193125003282
812495026485
812495025686
083321599187
661120416746
859972005847
090255826623
613485587449
083321538773
842749108100
743108242773
649898151625
752044864703
723189115753
723189045166
842749108193
793831020780
708279010927
708279010927
752044864888
082324053108
049443938938
743108453186
716104014835
723189114923
080926694149
752044102867
083321604218
075536056616
723189380304
042426162139
071721185109
856525008089
840309134293
743108342183
672352011081
028478152991
850002469325
080926768017
716104651047
857071008318
649898142920
613485589771
190228842855
043502101196
013658161573
041205739708
9420024174784
856525008140
083321260216
708279013713
083321534812
812495024818
626192735867
661120080749
090255821765
047708117074
190228841933
811533015603
082324049064
193125000779
708279011399
708279011399
856633006120
021291006489
090255382693
814108017385
193125000038
842749108070
193125001172
859972005731
723189114947
090255826838
080926754553
743108261392
083321540271
856525008096
083321525131
752044927422
050234523103
4717385553231
640265974618
661120079989
083321540523
610242005871
090255382563
856525008461
743108241639
745167070489
888151024348
805319427469
723189115678
723189115678
4712274529533
850010898100
658175115410
817063029196
014981018732
888151024737
723189115036
812495025525
859972005854
858419005945
708279010941
743108280102
743108542101
658175115052
743108542040
4717385551299
812495023712
752044679697
840309134453
743108280003
850002469424
648018006111
013658158078
812495023989
028478152878
190228842558
047297921458
4717385553675
672352010879
649898300016
752044864659
857071008110
193125004326
716943830818
193125004227
789976900032
4717385552678
842749108421
193125000250
817990008844
083321525100
9420024176979
649898114019
840309135269
792695363293
817461014985
830636009234
723189073558
810119011237
723189114909
043311958721
022677119014
661120418245
661120081630
071721042518
4717385551732
610242004638
640265974519
723189115456
723189115777
191693073720
083321261145
743108521762
700191613323
817227018196
723189380052
082324052996
751710508033
888151026182
610242006861
888151018545
743108347799
647484054893
752044218018
859949004279
661120079941
840309134477
193125000649
047708121521
043311958646
898079002182
817461014411
193125000304
859949004071
082324052934
743108520796
723189071578
649898309019
810119010582
752044895912
841538127391
743108800003
672294600527
661120416708
193125003299
083321260483
043311958677
4712274525627
721209078019
721209078019
743108345511
754806299976
075536347707
193125000458
743108528280
857665002067
9420024174807
842749108117
723189701550
723189701550
672352011142
075536045733
723189045098
743108242674
723189075774
723189075774
810119018458
850010898148
083321540363
027925510575
193125004128
841538122662
723189670917
022188500967
609456306676
752044864604
676315007197
859866007124
812495026430
857071008059
751710506619
640265974069
4712274522862
887157020149
672352011272
090255382099
888151026045
047708056526
626192736147
760778088159
743108241776
817227017663
859866007001
737765089901
898079002014
745167070472
9420024177013
193125000632
9420024171950
047708056779
708279014185
888151024751
888151024751
888151021439
014981019555
898079002038
743108520765
745167070137
011516277954
781513646458
817063027406
888151024126
716104013647
032784636670
723189380274
716943831006
841538126929
4717385550766
193125000564
626192221810
810301022171
841538126912
047708121538
840309134132
856525008324
047708165365
815001014006
888151026281
752044111692
708279014178
013658159112
797824102651
859949004507
723189072612
812495023354
850010898032
716943830887
083321599958
047297003581
810301022218
752044784759
723189701307
723189115128
752044864765
043311958493
716104014484
658175115069
041205671176
723189115258
610242009336
193125005446
805319427902
805319426776
080926694507
705442004745
083321260872
190228842596
812495021718
053695140025
897744000416
022677119021
075536383507
812495022449
640265973697
626192741707
610242004287
716104013784
661120080893
850002469127
812495020780
053695126043
011516722478
011516722478
850010898001
4717385551176
784672233149
805319427742
752044864574
812495021787
752044864796
743108200001
812495021824
193125000700
046392130123
859972005298
027925511152
897744000508
743108520789
193125004159
887996091812
090255382372
083321260476
672352244212
071721970269
190228843890
857071008035
9420024174791
745167070502
812699015506
888151026113
723364523083
723189188580
840309135221
840309135221
029057341867
080926691667
716104014514
743108344798
810119016423
083321599842
887996088881
840309133890
723189114800
082324053245
411111291667
752044864857
083321540592
083321540592
723189120689
752044956095
083321540295
805319428503
723189133641
080926759008
743108521229
743108521229
672352009392
723189670962
090255822236
193125004043
858419005006
743108150566
812495022432
661120081531
840309134163
191693076851
083321415470
752044872357
661120416166
848754000095
676315003120
676315003120
661120081715
743108521274
743108521274
840309135177
034337610755
190228918802
080926748507
841538126844
792695325918
661120080008
888151017852
810301023024
083321525094
814108017590
705442019589
723189197773
812495023958
083321603969
745167070458
812495024061
840309134224
792695325932
812495022104
013658158016
782897179105
859866007094
859866007094
743108362181
190228837134
672294600459
672294110064
672294110064
043311959421
716104014002
090255392494
792695358985
743108528792
080926691384
613485589658
857071008165
723189071103
672352011067
817063028885
859949004019
859949004019
193125002049
840309135184
752044864741
4717385550643
080926692428
193125000755
708279013911
841538126851
071721536000
743108005712
850002469134
090255382303
9420024175309
888151026052
805319426783
723189045210
708279014437
041205701170
027925510001
011516264763
859212007785
743108242681
610242009503
083321540226
043502101776
672294300434
723189176099
842749108025
812495026041
841538126974
661120418405
193125005484
812495023736
027925511114
723364763182
193125000625
811533010097
888151027400
723189115470
723189115371
723189076597
082324052958
752044864482
848754011497
090255382709
032784636359
888151025901
723189115357
613485589795
610242003037
789976910178
856633006083
607272013570
888151026168
817990008882
626192735652
752044956088
858419005938
708279006258
661120081333
4712274520219
082324053214
661120418443
193125004180
708279014260
841538127346
841538127346
610708504634
888151026816
887157020156
857071008097
700191613262
723364513237
743108345443
795042295919
817461014275
7340101501796
782897179112
743108529782
4712274520264
723364750014
751103012161
805319426509
082271690036
743108347768
842749108377
193125000007
193125004029
887996091171
022677181608
022677181608
840309134156
840309133883
840309133883
4712274526013
743108241769
850002469028
083321540387
043502101110
047708708630
676315029267
013658156432
817461014978
723189188689
793831020766
053807007659
812495025785
812495025440
723189188511
716104014552
842749108056
708279008870
723189308236
723189045197
752044784766
723189701505
723189072537
019962748639
743108365427
043311958660
848754003737
812495026539
857556006129
193125001295
743108006849
083321604201
080926202214
7340101501833
812495024382
082324053450
850002469264
705442019527
083321534836
887157020064
752044957351
672352012255
817461014992
888151022337
754806311487
082324053375
193125004203
149780504626
723189500054
810119017048
613485590067
604844800507
075536056210
021291000050
071721136002
071721436003
721209311109
190228842473
754806308234
610242003051
043311958738
857071008134
888151020142
644622030061
850010898025
661120081517
661120081517
752044895905
712038254347
842749107950
812495026492
812495026492
850002470161
814108016340
743108341490
083321260469
815942020418
080926903388
723189114817
047708701358
876430009704
782901985937
850011702024
752044845290
887157020033
888151026151
810301023147
859949004361
676315035862
723189380151
053695133348
888151026199
752044872302
025724960225
071721041412
071721041412
087171058214
649898207018
071721971917
090897080360
613485589764
027925511268
676315000297
754806308081
011516301147
752044108951
723364750007
723189155186
4717385550469
043311958547
043311958547
9420024174777
672352011500
613485590098
743108520284
850010898018
760778088135
812495026447
013658159174
745167069858
723189073657
723189073657
875591000629
649898141039
649898141039
817063029219
815942020142
043311958530
190228841957
850002469110
752044864635
083321260834
840309134125
859972005281
723189176105
799429404321
661120081722
075536338903
716104014521
751103012451
029057476156
716104651146
082324049040
723189074760
723189120696
190228881113
613485589726
080926692770
081795121101
817063029202
817990008875
797824102927
887996104932
752044269836
083321603976
083321540622
743108521342
034337042983
034337042976
053695133140
811533011810
708279008719
723189133610
723189114893
090255805581
723189076535
841538127339
723189045173
190228879899
640265973659
043311958622
805319426585
043502101097
700191613316
817990008998
080926747517
661120081494
080926754317
859949004170
080926746145
090255385083
723189670955
850002470147
021291703777
897744000546
752044878588
745167065904
082271768469
083321534805
887157301224
672294110118
811328021048
149780510733
752044864840
090255805529
090255805529
723189074548
013658162259
723189701901
752044872333
062017211824
032784636113
193125000588
672352010398
712038254323
087171058887
850011702116
